 15  15  15  15  15  15  15  15  15  15  15  15  15  15  15  15  15  15  16  17  18  19  20  21  22  22  22  22  23
 14  14  14  14  14  14  14  14  14  14  14  14  14  14  14  14  14  15  16  17  18  19  20  21  21  21  21  22  23
 13  13  13  13  13  13  13  13  14  13  13  13  13  13  13  13  -1  -1  -1  -1  -1  19  20  20  20  20  21  22  23
 12  12  12  12  12  12  12  13  14  13  12  12  12  12  12  12  -1  -1  -1  -1  -1  19  19  19  19  20  21  22  23
 11  11  11  11  11  11  -1  -1  -1  -1  -1  11  11  11  11  11  -1  -1  -1  -1  -1  18  18  18  19  20  21  22  23
 10  10  10  10  10  10  -1  -1  -1  -1  -1  10  10  10  10  10  -1  -1  -1  -1  -1  17  17  18  19  20  21  22  23
  9   9   9   9   9   9  -1  -1  -1  -1  -1   9   9   9   9  10  -1  -1  -1  -1  -1  16  17  18  19  20  21  22  23
  8   8   8   8   8   8  -1  -1  -1  -1  -1   8   8   8   9  10  11  12  13  14  15  16  17  18  19  20  21  22  23
  7   7   7   7   7   7  -1  -1  -1  -1  -1   7   7   8   9  10  11  12  13  14  15  16  17  18  19  20  21  22  23
  7   6   6   6   6   6   6   6   6   6   6   6  -1  -1  -1  -1  -1  12  13  14  15  16  17  18  19  20  21  22  23
  7   6   5   5   5   5   5   5   5   5   5   6  -1  -1  -1  -1  -1  13  13  14  15  16  17  18  19  20  21  22  23
  7   6   5   4   4   4   4   4   4   4   5   6  -1  -1  -1  -1  -1  14  14  14  15  16  17  18  19  20  21  22  23
  7   6   5   4   3   3   3   3   3   4   5   6  -1  -1  -1  -1  -1  15  15  15  15  16  17  18  19  20  21  22  23
  7   6   5   4   3   2   2   2   3   4   5   6  -1  -1  -1  17  16  16  16  16  16  16  17  18  19  20  21  22  23
  7   6   5   4   3   2   1   2   3   4   5   6  -1  -1  -1  17  17  17  17  17  17  17  17  18  19  20  21  22  23
  7   6   5   4   3   2   2   2   3   4   5   6   7   8  -1  18  18  18  18  18  18  18  18  18  19  20  21  22  23
  7   6   5   4   3   3   3   3   3   4   5   6   7  -1  -1  -1  19  19  19  19  19  19  19  19  19  20  21  22  23
