 13  13  13  13  13  13  13  13  13  13  14  15  16  16  16  16  16  16  17  18  19  20  21  22  23  24  24  24  25
 12  12  12  12  12  12  12  12  12  13  14  15  15  15  15  15  15  16  17  18  19  20  21  22  23  23  23  24  25
 11  11  11  11  11  11  11  11  12  13  14  14  14  14  14  14  -1  -1  -1  -1  -1  20  21  22  22  22  23  24  25
 10  10  10  10  10  10  10  11  12  13  13  13  13  13  13  13  -1  -1  -1  -1  -1  21  21  21  21  22  23  24  25
  9   9   9   9   9   9  -1  -1  -1  -1  -1  12  12  12  12  12  -1  -1  -1  -1  -1  20  20  20  21  22  23  24  25
  8   8   8   8   8   8  -1  -1  -1  -1  -1  11  11  11 p13  12  -1  -1  -1  -1  -1  19  19  20  21  22  23  24  25
  7   7   7   7   7   7  -1  -1  -1  -1  -1  10  10 p14  11 p12  -1  -1  -1  -1  -1  18  19  20  21  22  23  24  25
  6   6   6   6   6   6  -1  -1  -1  -1  -1   9 p15  10  11  12 p11  14  p9  16  17  18  19  20  21  22  23  24  25
  5   5   5   5   5   5  -1  -1  -1  -1  -1 p16   9  10  11  12  13 p10  15  p8  17  18  19  20  21  22  23  24  25
  5   4   4   4   4   4   4   4 p19   6 p17   8  -1  -1  -1  -1  -1  14  15  16  p7  18  19  20  21  22  23  24  25
  5   4   3   3   3   3   3 p20   5 p18   7   8  -1  -1  -1  -1  -1  15  15  16  17  p6  19  20  21  22  23  24  25
  5   4   3   2   2   2 p21   4   5   6   7   8  -1  -1  -1  -1  -1  16  16  16  17  18  p5  20  21  22  23  24  25
  5   4   3   2 p23 p22   3   4   5   6   7   8  -1  -1  -1  -1  -1  17  17  17  17  18  19  p4  21  22  23  24  25
  5   4   3   2   2   2   3   4   5   6   7   8  -1  -1  -1  19  18  18  18  18  18  18  19  20  p3  22  23  24  25
  5   4   3   3   3   3   3   4   5   6   7   8  -1  -1  -1  19  19  19  19  19  19  19  19  20  21  p2  23  24  25
  5   4   4   4   4   4   4   4   5   6   7   8   9  10  -1  20  20  20  20  20  20  20  20  20  21  22  p1  24  25
  5   5   5   5   5   5   5   5   5   6   7   8   9  -1  -1  -1  21  21  21  21  21  21  21  21  21  22  23  p0  25
