 14  14  14  14  14  13  12  11  11  11  11  11  11  11  11  11  11  11  12  13  14  15  16  17  18  18  18  18  19
 13  13  13  13  13  13  12  11  10  10  10  10  10  10  10  10  10  11  12  13  14  15  16  17  17  17  17  18  19
 12  12  12  12  12  12  12  11  10   9   9   9   9   9   9   9  -1  -1  -1  -1  -1  15  16  16  16  16  17  18  19
 11  11  11  11  11  11  11  11  10   9   8   8   8   8   8   8  -1  -1  -1  -1  -1  15  15  15  15  16  17  18  19
 11  10  10  10  10  10  -1  -1  -1  -1  -1   7   7   7   7   7  -1  -1  -1  -1  -1  14  14  14  15  16  17  18  19
 11  10   9   9   9   9  -1  -1  -1  -1  -1   6   6   6   6   6  -1  -1  -1  -1  -1  13  13  14  15  16  17  18  19
 11  10   9   8   8   8  -1  -1  -1  -1  -1   5   5   5   5 p12  -1  -1  -1  -1  -1  12  13  14  15  16  17  18  19
 11  10   9   8   7   7  -1  -1  -1  -1  -1   4   4   4 p13   6 p11   8  p9  10  11  12  13  14  15  16  17  18  19
 11  10   9   8   7   6  -1  -1  -1  -1  -1   3   3 p14   5   6   7 p10   9  p8  11  12  13  14  15  16  17  18  19
 11  10   9   8   7   6   5   4   3   2   2   2 p15   4   5   6   7   8   9  10  p7  12  13  14  15  16  17  18  19
 11  10   9   8   7   6   5   4   3   2 p17 p16  -1  -1  -1  -1  -1   8   9  10  11  p6  13  14  15  16  17  18  19
 11  10   9   8   7   6   5   4   3   2   2   2  -1  -1  -1  -1  -1   9   9  10  11  12  p5  14  15  16  17  18  19
 11  10   9   8   7   6   5   4   3   3   3   3  -1  -1  -1  -1  -1  10  10  10  11  12  13  p4  15  16  17  18  19
 11  10   9   8   7   6   5   4   4   4   4   4  -1  -1  -1  10  10  11  11  11  11  12  13  14  p3  16  17  18  19
 11  10   9   8   7   6   5   5   5   5   5   5  -1  -1  -1   9  10  11  12  12  12  12  13  14  15  p2  17  18  19
 11  10   9   8   7   6   6   6   6   6   6   6   6   7   8   9  10  11  12  13  13  13  13  14  15  16  p1  18  19
 11  10   9   8   7   7   7   7   7   7   7   7   7   7   8   9  10  11  12  13  14  14  14  14  15  16  17  p0  19
