 21  20  19  18  17  16  15  14  13  12  12  12  12  12  12  12  12  12  12  11  11  11  11  11  11  11  11  11  11
 21  20  19  18  17  16  15  14  13  12  11  11  11  11  11  11  11  12  12  11  10  10  10  10  10  10  10  10  10
 21  20  19  18  17  16  15  14  13  12  11  10  10  10  10  10  -1  -1  -1  -1  -1   9   9   9   9   9   9   9   9
 21  20  19  18  17  16  15  14  13  12  11  10   9   9   9   9  -1  -1  -1  -1  -1   8   8   8   8   8   8   8   9
 21  20  19  18  17  16  -1  -1  -1  -1  -1  10   9   8   8   8  -1  -1  -1  -1  -1   7   7   7   7   7   7   8   9
 21  20  19  18  17  17  -1  -1  -1  -1  -1  10   9   8   7   7  -1  -1  -1  -1  -1   6   6   6   6   6   7   8   9
 21  20  19  18  18  18  -1  -1  -1  -1  -1  10   9   8   7   6  -1  -1  -1  -1  -1   5   5   5   5   6   7   8   9
 21  20  19  18  17  17  -1  -1  -1  -1  -1  10   9   8   7  p1   5  p3   4   4   4   4   4   4   5   6   7   8   9
 21  20  19  18  17  16  -1  -1  -1  -1  -1  10   9   8  p0   6  p2   4  p4   3   3   3   3   4   5   6   7   8   9
 21  20  19  18  17  16  15  14  13  12  11  10   9   8   7   6   5   4   3  p5   2   2   3   4   5   6   7   8   9
 21  20  19  18  17  16  15  14  13  12  11  10  -1  -1  -1  -1  -1   4   3   2  p6   2   3   4   5   6   7   8   9
 21  20  19  18  17  16  15  14  13  12  11  11  -1  -1  -1  -1  -1   4   3   2   2   2   3   4   5   6   7   8   9
 21  20  19  18  17  16  15  14  13  12  12  12  -1  -1  -1  -1  -1   4   3   3   3   3   3   4   5   6   7   8   9
 21  20  19  18  17  16  15  14  13  12  11  11  -1  -1  -1   6   5   4   4   4   4   4   4   4   5   6   7   8   9
 21  20  19  18  17  16  15  14  13  12  11  10  -1  -1  -1   6   5   5   5   5   5   5   5   5   5   6   7   8   9
 21  20  19  18  17  16  15  14  13  12  11  10   9   8   7   6   6   6   6   6   6   6   6   6   6   6   7   8   9
 21  20  19  18  17  16  15  14  13  12  11  10   9   8   7   7   7   7   7   7   7   7   7   7   7   7   7   8   9
