 16  15  14  13  12  11  10   9   9   9   9   9   9   9   9   9   9   9  10  11  12  13  14  14  14  14  14  14  15
 16  15  14  13  12  11  10   9   8   8   8   8   8   8   8   8   8   9  10  11  12  13  13  13  13  13  13  14  15
 16  15  14  13  12  11  10   9   8   7   7   7   7   7   7   7  -1  -1  -1  -1  -1  12  12  12  12  12  13  14  15
 15  15  14  13  12  11  10   9   8   7   6   6   6   6   6   6  -1  -1  -1  -1  -1  11  11  11  11  12  13  14  15
 15  14  14  13  12  11  -1  -1  -1  -1  -1   5   5   5   5   5  -1  -1  -1  -1  -1  10  10  10  11  12  13  14  15
 15  14  13  13  12  12  -1  -1  -1  -1  -1   4   4   4   4   4  -1  -1  -1  -1  -1   9   9  10  11  12  13  14  15
 15  14  13  12  12  12  -1  -1  -1  -1  -1   4   3   3   3   3  -1  -1  -1  -1  -1   8   9  10  11  12  13  14  15
 15  14  13  12  11  11  -1  -1  -1  -1  -1   4   3  p9   2   2   3   4   5   6   7   8   9  10  11  12  13  14  15
 15  14  13  12  11  10  -1  -1  -1  -1  -1   4  p8   2 p10   2   3   4   5   6   7   8   9  10  11  12  13  14  15
 15  14  13  12  11  10   9   8   7  p5   5  p7   3   2   2   2   3   4   5   6   7   8   9  10  11  12  13  14  15
 15  14  13  12  11  10   9   8  p4   6  p6   4  -1  -1  -1  -1  -1   4   5   6   7   8   9  10  11  12  13  14  15
 15  14  13  12  11  10   9  p3   7   6   5   5  -1  -1  -1  -1  -1   5   5   6   7   8   9  10  11  12  13  14  15
 15  14  13  12  11  10  p2   8   7   6   6   6  -1  -1  -1  -1  -1   6   6   6   7   8   9  10  11  12  13  14  15
 15  14  13  12  11  p1   9   8   7   7   7   7  -1  -1  -1   8   7   7   7   7   7   8   9  10  11  12  13  14  15
 15  14  13  12  p0  10   9   8   8   8   8   8  -1  -1  -1   8   8   8   8   8   8   8   9  10  11  12  13  14  15
 15  14  13  12  11  10   9   9   9   9   9   9   9  10   9   9   9   9   9   9   9   9   9  10  11  12  13  14  15
 15  14  13  12  11  10  10  10  10  10  10  10  10  10  10  10  10  10  10  10  10  10  10  10  11  12  13  14  15
