1581203018.4352 -107 -72.22500000000001 7.7110896331470355 0.0
1581203018.491937 160 108.0 20.67353892719018 0.0
1581203018.5486438 141 95.17500000000001 -14.50202845912941 0.0
1581203018.605513 -133 -89.775 -15.722034103317936 0.0
1581203018.6622655 -126 -85.05000000000001 20.361982724922765 0.0
1581203018.719037 83 56.025000000000006 10.492152277648147 0.0
1581203018.7758086 2 1.35 -17.285552345507686 0.0
1581203018.8325312 -162 -109.35000000000001 -7.097035669994745 0.0
1581203018.8892543 24 16.200000000000003 17.28191856040699 0.0
1581203018.9459517 168 113.4 1.8523350507875755 0.0
1581203019.0026603 -68 -45.900000000000006 -18.824551271809963 0.0
1581203019.0594356 -149 -100.575 10.489947163783864 0.0
1581203019.1162384 83 56.025000000000006 10.780801947166328 0.0
1581203019.1729646 65 43.875 -11.415290824261275 0.0
1581203019.2296891 -147 -99.22500000000001 -10.79824807700391 0.0
1581203019.2875874 -28 -18.900000000000002 15.73425937834941 0.0
1581203019.344298 171 115.42500000000001 8.334981873238844 0.0
1581203019.401009 18 12.15 -12.035115847890522 0.0
1581203019.4577358 -151 -101.92500000000001 0.0 0.0
1581203019.5145159 57 38.475 11.659854774993207 0.0
1581203019.5712116 120 81.0 -9.571605510568935 0.0
1581203019.628208 -131 -88.42500000000001 -23.32428714689557 0.0
1581203019.6850655 -134 -90.45 18.192055786599454 0.0
1581203019.7419915 96 64.80000000000001 11.107002879300563 0.0
1581203019.7987118 60 40.5 -11.110739072847682 0.0
1581203019.855504 -145 -97.875 -12.336706584310265 0.0
1581203019.9122338 -27 -18.225 16.658753751103266 0.0
1581203019.968971 169 114.075 5.248724167665678 0.0
1581203020.0256684 3 2.0250000000000004 -14.817122382033814 0.0
1581203020.082391 -214 -144.45000000000002 -5.554668852872548 0.0
1581203020.1391292 -24 -16.200000000000003 15.12104298837527 0.0
1581203020.1959083 107 72.22500000000001 -0.6172373283999412 0.0
1581203020.252616 -46 -31.05 -18.822572863899108 0.0
1581203020.3093429 -176 -118.80000000000001 0.9255641208860494 0.0
1581203020.366059 35 23.625 11.112608112370419 0.0
1581203020.4227731 111 74.92500000000001 -4.32002556017993 0.0
1581203020.479571 -102 -68.85000000000001 -14.802492952124867 0.0
1581203020.5363688 -149 -100.575 8.637509288055814 0.0
1581203020.5931103 64 43.2 9.564564606977722 0.0
1581203020.649939 36 24.3 -12.030310905652447 0.0
1581203020.7067385 -172 -116.10000000000001 -12.645921294253599 0.0
1581203020.76348 -85 -57.37500000000001 16.96511010253824 0.0
1581203020.8202722 70 47.25 4.0111993610357946 0.0
1581203020.877003 15 10.125 -7.097035669994745 0.0
1581203020.9337342 -159 -107.325 -5.5519845358658655 0.0
1581203020.990488 -58 -39.150000000000006 16.039403441682598 0.0
1581203021.047222 42 28.35 1.2340595590862282 0.0
1581203021.1039686 -37 -24.975 -9.870194730428205 0.0
1581203021.1609788 -188 -126.9 -2.7755257342128483 0.0
1581203021.2178931 -55 -37.125 13.572943663451639 0.0
1581203021.2746198 30 20.25 -1.5428662714928323 0.0
1581203021.3313348 -65 -43.875 -10.796886610069766 0.0
1581203021.3882098 -177 -119.47500000000001 1.85027275018906 0.0
1581203021.4449885 0 0.0 6.7876128706836765 0.0
1581203021.5017247 6 4.050000000000001 -3.3936637874871276 0.0
1581203021.5585265 -148 -99.9 -10.792350865400774 0.0
1581203021.6153002 -111 -74.92500000000001 8.617951023146595 0.0
1581203021.672069 -14 -9.450000000000001 2.15978578784758 0.0
1581203021.7288728 -25 -16.875 -1.8510504371217218 0.0
1581203021.785602 -127 -85.72500000000001 -7.713520670884214 0.0
1581203021.8423145 -85 -57.37500000000001 8.332703933399205 0.0
1581203021.8990407 -10 -6.75 3.0863164091243562 0.0
1581203021.9558842 -90 -60.75000000000001 -9.553922364747129 0.0
1581203022.0126193 -127 -85.72500000000001 7.095991593459711 0.0
1581203022.0693624 45 30.375000000000004 7.712872244288928 0.0
1581203022.1261206 79 53.325 -5.8603049900199595 0.0
1581203022.1828587 -32 -21.6 -4.935201058979262 0.0
1581203022.239604 -43 -29.025000000000002 9.869365267448213 0.0
1581203022.2963688 66 44.550000000000004 4.32002556017993 0.0
1581203022.3530924 36 24.3 -5.861536534622255 0.0
1581203022.4098837 -68 -45.900000000000006 -3.70093422130717 0.0
1581203022.4666219 -14 -9.450000000000001 7.093904361711068 0.0
1581203022.5233495 54 36.45 2.7762839311605623 0.0
1581203022.5800905 12 8.100000000000001 -5.242659720179825 0.0
1581203022.6371934 -18 -12.15 -0.6086766730242972 0.0
1581203022.6939828 12 8.100000000000001 0.3075260599966483 0.0
1581203022.750863 21 14.175 -0.6171594812183382 0.0
1581203022.8076031 27 18.225 -0.30858622719246614 0.0
1581203022.8643377 12 8.100000000000001 -1.8502338829954836 0.0
1581203022.9210627 7 4.7250000000000005 2.1599673778244877 0.0
1581203022.9777877 33 22.275000000000002 0.9255252185608609 0.0
1581203023.0345652 32 21.6 0.306857525083612 0.0
1581203023.0912924 16 10.8 -0.9255446693146712 0.0
1581203023.1481018 38 25.650000000000002 1.8512449610122113 0.0
1581203023.2048948 34 22.950000000000003 1.5344159210636341 0.0
1581203023.2616243 21 14.175 -2.4668230549487484 0.0
1581203023.3183486 33 22.275000000000002 2.1594226994767483 0.0
1581203023.3750834 38 25.650000000000002 0.30848895706810686 0.0
1581203023.4318063 30 20.25 -3.3938777637662882 0.0
1581203023.4885995 20 13.5 1.5429960058860628 0.0
1581203023.545377 38 25.650000000000002 1.5428662714928323 0.0
1581203023.6021225 49 33.075 2.4672376470588238 0.0
1581203023.6589563 23 15.525 -1.2339039694046943 0.0
1581203023.7157764 65 43.875 14.191684929491625 0.0
1581203023.7724948 22 14.850000000000001 0.3085343421605717 0.0
1581203023.8292422 -17 -11.475000000000001 -1.2346044321096674 0.0
1581203023.885952 -20 -13.5 0.3086381296779077 0.0
1581203023.9426699 -88 -59.400000000000006 -4.319934755648975 0.0
1581203023.9995205 -24 -16.200000000000003 6.478812685202699 0.0
1581203024.056362 33 22.275000000000002 -6.787042303246822 0.0
1581203024.113109 -14 -9.450000000000001 -3.0786142102172636 0.0
1581203024.1700745 10 6.75 1.5428338413032054 0.0
1581203024.227 19 12.825000000000001 -0.6169779141362137 0.0
1581203024.2837336 19 12.825000000000001 -12.341373686422868 0.0
1581203024.341816 4 2.7 -0.3025507306114878 0.0
1581203024.3987954 -5 -3.375 -2.1593319464582152 0.0
1581203024.4555898 -48 -32.400000000000006 -5.857966480446928 0.0
1581203024.5123487 -99 -66.825 -0.9254474237202657 0.0
1581203024.5691414 -28 -18.900000000000002 7.091818357487923 0.0
1581203024.625947 62 41.85 2.15878758849604 0.0
1581203024.6827195 -5 -3.375 -5.244642905178211 0.0
1581203024.7395182 -51 -34.425000000000004 -0.925603026481715 0.0
1581203024.7963383 -28 -18.900000000000002 2.1581981770067626 0.0
1581203024.8530579 23 15.525 2.160557756191918 0.0
1581203024.909857 -19 -12.825000000000001 -5.5538516120896215 0.0
1581203024.9666202 -58 -39.150000000000006 -2.1535395770899264 0.0
1581203025.0233479 -18 -12.15 6.172243525058863 0.0
1581203025.0800965 34 22.950000000000003 -1.5422827365943856 0.0
1581203025.1368518 -6 -4.050000000000001 -5.864864292022372 0.0
1581203025.1936805 -33 -22.275000000000002 -0.3071078847722851 0.0
1581203025.250411 -19 -12.825000000000001 -1.2340854945147326 0.0
1581203025.3072171 4 2.7 0.6171335365212822 0.0
1581203025.3639414 -5 -3.375 0.0 0.0
1581203025.420697 0 0.0 3.084889570681068 0.0
1581203025.4774344 -2 -1.35 -2.771043352419304 0.0
1581203025.5341618 -15 -10.125 -1.2335929077120227 0.0
1581203025.590914 6 4.050000000000001 1.233463344956518 0.0
1581203025.6478555 7 4.7250000000000005 0.0 0.0
1581203025.7048373 12 8.100000000000001 0.3042815628562545 0.0
1581203025.76156 19 12.825000000000001 -0.6168482887576948 0.0
1581203025.8183315 38 25.650000000000002 0.6171465085971329 0.0
1581203025.8750575 8 5.4 0.3085343421605717 0.0
1581203025.9318013 18 12.15 3.3938777637662882 0.0
1581203025.9886568 37 24.975 -0.6146658292509316 0.0
1581203026.0454938 25 16.875 -0.9257586815773984 0.0
1581203026.1022494 22 14.850000000000001 0.925311314213678 0.0
1581203026.1590524 39 26.325000000000003 0.0 0.0
1581203026.2158566 52 35.1 4.320207180694526 0.0
1581203026.2725847 22 14.850000000000001 -4.628015132408575 0.0
1581203026.3293512 37 24.975 1.5426392887917446 0.0
1581203026.3860803 40 27.0 -1.8514395257913985 0.0
1581203026.4428298 31 20.925 0.0 0.0
1581203026.4995768 37 24.975 3.3859785703801557 0.0
1581203026.5563378 51 34.425000000000004 -0.6173022160548337 0.0
1581203026.6130953 48 32.400000000000006 -1.2313940359854045 0.0
1581203026.66989 37 24.975 -5.245524802421389 0.0
1581203026.7266583 51 34.425000000000004 2.4681191181724564 0.0
1581203026.7833874 70 47.25 1.5425744488577853 0.0
1581203026.840144 54 36.45 -3.0851488977155705 0.0
1581203026.8968801 33 22.275000000000002 -0.9257197628956992 0.0
1581203026.9536448 22 14.850000000000001 -0.9247090244824256 0.0
1581203027.0103972 36 24.3 -0.3078355980540178 0.0
1581203027.0671923 28 18.900000000000002 -0.9255835732750469 0.0
1581203027.123997 22 14.850000000000001 -0.9229648755134546 0.0
1581203027.1808832 28 18.900000000000002 -1.5429311359623308 0.0
1581203027.237949 30 20.25 2.4684822599630065 0.0
1581203027.2946818 40 27.0 0.0 0.0
1581203027.3514466 48 32.400000000000006 -0.30852137362868315 0.0
1581203027.408187 35 23.625 0.9256808474861276 0.0
1581203027.4649928 40 27.0 0.9251946807840171 0.0
1581203027.5217457 40 27.0 0.6156711961080356 0.0
1581203027.5785363 53 35.775000000000006 2.7764006136129615 0.0
1581203027.6353476 51 34.425000000000004 -2.1586061968280643 0.0
1581203027.6920748 44 29.700000000000003 0.3085927140484749 0.0
1581203027.7488952 51 34.425000000000004 -0.30852137362868315 0.0
1581203027.8056161 55 37.125 -1.5425420309347682 0.0
1581203027.862358 52 35.1 -0.9258365287588295 0.0
1581203027.9191074 64 43.2 2.1604214863870492 0.0
1581203027.975919 76 51.300000000000004 0.6170038457497111 0.0
1581203028.0326574 79 53.325 -0.6157486682605595 0.0
1581203028.0894318 61 41.175000000000004 0.6170816536707371 0.0
1581203028.1462772 74 49.95 3.392594310685323 0.0
1581203028.2030025 79 53.325 -2.1597403951240017 0.0
1581203028.2597568 33 22.275000000000002 -3.70319041412655 0.0
1581203028.3165617 35 23.625 2.776809079445145 0.0
1581203028.3733132 49 33.075 2.15919583123214 0.0
1581203028.4300303 19 12.825000000000001 -1.2344227543147848 0.0
1581203028.486818 -9 -6.075 -0.6171594812183382 0.0
1581203028.5435672 6 4.050000000000001 0.6156195588358635 0.0
1581203028.6003692 -22 -14.850000000000001 -1.5361821644586762 0.0
1581203028.657349 -30 -20.25 -0.925311314213678 0.0
1581203028.7143168 -35 -23.625 -0.6093841427978415 0.0
1581203028.7710564 9 6.075 2.1593773220139534 0.0
1581203028.8277898 -22 -14.850000000000001 -4.936030765997689 0.0
1581203028.8845806 -46 -31.05 0.6164467960023515 0.0
1581203028.9413135 -7 -4.7250000000000005 5.554435330965044 0.0
1581203028.998107 10 6.75 0.3085537970027534 0.0
1581203029.0549026 -55 -37.125 -4.294389569142045 0.0
1581203029.1116512 -43 -29.025000000000002 3.392095452158387 0.0
1581203029.1684637 17 11.475000000000001 1.5427041341768428 0.0
1581203029.2252078 -38 -25.650000000000002 -2.775933942641034 0.0
1581203029.2819474 -68 -45.900000000000006 4.317756591525032 0.0
1581203029.3386831 -17 -11.475000000000001 1.5425420309347682 0.0
1581203029.3954718 -13 -8.775 -4.627139885267605 0.0
1581203029.4522083 -98 -66.15 -2.4673413168620533 0.0
1581203029.5089493 -51 -34.425000000000004 7.712223926702671 0.0
1581203029.5656745 13 8.775 -5.860920697625552 0.0
1581203029.6224413 -82 -55.35 -6.1559374344781315 0.0
1581203029.6793156 -94 -63.45 8.941106733313731 0.0
1581203029.736065 48 32.400000000000006 7.089435854365263 0.0
1581203029.7928 -1 -0.675 -11.414091411519953 0.0
1581203029.849545 -10 -6.75 -0.3085084061869536 0.0
1581203029.906338 25 16.875 0.9256419353482703 0.0
1581203029.9630668 33 22.275000000000002 -1.5425096143742778 0.0
1581203030.0198524 30 20.25 -0.9259727928344653 0.0
1581203030.0765798 26 17.55 -0.9255057686245666 0.0
1581203030.1335635 8 5.4 -0.9086634617368519 0.0
1581203030.1903257 3 2.0250000000000004 -1.8514784436550145 0.0
1581203030.2472336 -8 -5.4 -2.7764006136129615 0.0
1581203030.3039737 -15 -10.125 0.3084241443788474 0.0
1581203030.3607175 -41 -27.675 -2.1592412010674287 0.0
1581203030.4174597 -22 -14.850000000000001 1.2339298982936875 0.0
1581203030.4741993 -1 -0.675 -0.30817163489797633 0.0
1581203030.5309274 -45 -30.375000000000004 -3.084889570681068 0.0
1581203030.5877185 -29 -19.575000000000003 6.475002499422402 0.0
1581203030.6445475 -7 -4.7250000000000005 -4.295466622079171 0.0
1581203030.7012904 -33 -22.275000000000002 -2.467756083210759 0.0
1581203030.758075 -59 -39.825 0.0 0.0
1581203030.8148775 -10 -6.75 4.90961777554817 0.0
1581203030.8715997 -7 -4.7250000000000005 -2.4688974100235455 0.0
1581203030.928341 -56 -37.800000000000004 -2.7761089258698943 0.0
1581203030.9851103 -27 -18.225 4.933542481463589 0.0
1581203031.041878 0 0.0 0.0 0.0
1581203031.0986185 -41 -27.675 -2.7761089258698943 0.0
1581203031.1554554 -53 -35.775000000000006 3.392736868644424 0.0
1581203031.2121873 -27 -18.225 3.3944484991171278 0.0
1581203031.2689028 -18 -12.15 -5.8633848223670375 0.0
1581203031.3256223 -55 -37.125 -3.085473117827567 0.0
1581203031.382407 -60 -40.5 3.391169389726574 0.0
1581203031.4391382 0 0.0 2.4685860343885317 0.0
1581203031.4959233 -24 -16.200000000000003 -4.935097365214102 0.0
1581203031.5526583 -92 -62.1 0.925175244737616 0.0
1581203031.6094596 -6 -4.050000000000001 4.626459366333306 0.0
1581203031.6664367 10 6.75 -2.4664604011340963 0.0
1581203031.7233872 -96 -64.80000000000001 -2.1580168843714564 0.0
1581203031.7801287 -49 -33.075 2.777392810594913 0.0
1581203031.836846 14 9.450000000000001 -2.777451197208266 0.0
1581203031.8935714 -102 -68.85000000000001 -10.79167083237067 0.0
1581203031.9503608 -85 -57.37500000000001 8.595244699092467 0.0
1581203032.0071704 36 24.3 -0.3085992011772125 0.0
1581203032.063897 -46 -31.05 -12.95136512204344 0.0
1581203032.1206584 -175 -118.12500000000001 -4.001946694067565 0.0
1581203032.1774094 -7 -4.7250000000000005 10.788951557020766 0.0
1581203032.2341378 79 53.325 0.0 0.0
1581203032.2908719 -90 -60.75000000000001 -16.6591038352422 0.0
1581203032.3476098 -205 -138.375 4.936860752044055 0.0
1581203032.4043522 -25 -16.875 10.488844954398353 0.0
1581203032.4610739 10 6.75 -2.468741712387799 0.0
1581203032.5178695 -176 -118.80000000000001 -17.587566429156947 0.0
1581203032.5745962 -156 -105.30000000000001 10.79439147881258 0.0
1581203032.6313572 -28 -18.900000000000002 4.316940346160309 0.0
1581203032.68816 -17 -11.475000000000001 -3.0855379700275343 0.0
1581203032.7448967 -83 -56.025000000000006 -1.8505837465333221 0.0
1581203032.8016298 -17 -11.475000000000001 9.255641208860494 0.0
1581203032.8583796 66 44.550000000000004 3.077517033185887 0.0
1581203032.91511 54 36.45 -0.9255446693146712 0.0
1581203032.9718451 20 13.5 -4.319117686617351 0.0
1581203033.0285785 21 14.175 0.9257197628956992 0.0
1581203033.085307 52 35.1 -0.30847599235117357 0.0
1581203033.1422393 16 10.8 0.9126555175629468 0.0
1581203033.1990812 16 10.8 2.1539006895973505 0.0
1581203033.2559903 32 21.6 1.8515173631547968 0.0
1581203033.3127263 23 15.525 -7.096439017213476 0.0
1581203033.3695621 10 6.75 0.9225202036071137 0.0
1581203033.4263413 10 6.75 1.2339817593409828 0.0
1581203033.4830704 33 22.275000000000002 0.6169779141362137 0.0
1581203033.539859 34 22.950000000000003 0.0 0.0
1581203033.5966017 25 16.875 0.3083593589178062 0.0
1581203033.6533532 24 16.200000000000003 0.0 0.0
1581203033.710076 39 26.325000000000003 -0.6172503048395913 0.0
1581203033.7668517 32 21.6 0.0 0.0
1581203033.8235667 19 12.825000000000001 -4.628501523909616 0.0
1581203033.8802702 54 36.45 1.8517509145187738 0.0
1581203033.9369717 44 29.700000000000003 -0.617341155196703 0.0
1581203033.9938252 21 14.175 0.0 0.0
1581203034.0506554 35 23.625 1.2342670730425644 0.0
1581203034.1073856 59 39.825 1.5428987030458454 0.0
1581203034.1641428 43 29.025000000000002 -0.6164726829882837 0.0
1581203034.2208781 39 26.325000000000003 1.85120605296343 0.0
1581203034.2776053 50 33.75 1.850933742408641 0.0
1581203034.3343577 56 37.800000000000004 -0.30848247457342187 0.0
1581203034.3910818 35 23.625 -0.6169649491468437 0.0
1581203034.4478416 50 33.75 3.7032682629443543 0.0
1581203034.5045688 68 45.900000000000006 -9.560947602840455 0.0
1581203034.5637493 25 16.875 -3.730774324716817 0.0
1581203034.6208801 27 18.225 2.7906508955728286 0.0
1581203034.67772 133 89.775 10.783290799194091 0.0
1581203034.7346098 72 48.6 -8.032021548821549 0.0
1581203034.7913418 -44 -29.700000000000003 -5.550351873634683 0.0
1581203034.848152 -17 -11.475000000000001 8.945615801638999 0.0
1581203034.9048936 62 41.85 1.8510115372491331 0.0
1581203034.9616148 -29 -19.575000000000003 -8.948812477665903 0.0
1581203035.0183551 -103 -69.525 -2.157609087282424 0.0
1581203035.0750992 2 1.35 5.859073962819031 0.0
1581203035.1318598 51 34.425000000000004 -1.2340854945147326 0.0
1581203035.1886022 -82 -55.35 -4.627431597528685 0.0
1581203035.2453847 -77 -51.975 10.502086773555527 0.0
1581203035.3021107 34 22.950000000000003 2.160330649399794 0.0
1581203035.3588974 -33 -22.275000000000002 -11.09837254819606 0.0
1581203035.415632 -107 -72.22500000000001 0.925603026481715 0.0
1581203035.472359 10 6.75 9.56396158291827 0.0
1581203035.529078 68 45.900000000000006 5.8633848223670375 0.0
1581203035.5859103 -54 -36.45 -7.095544226121677 0.0
1581203035.642677 -12 -8.100000000000001 5.552684542321593 0.0
1581203035.6994874 43 29.025000000000002 2.777743167101169 0.0
1581203035.7562032 41 27.675 0.6173671173539121 0.0
1581203035.8129022 8 5.4 0.9259533240822505 0.0
1581203035.8696318 9 6.075 3.0782914298894926 0.0
1581203035.9263403 39 26.325000000000003 0.617419048219881 0.0
1581203035.9830885 33 22.275000000000002 5.552451187224207 0.0
1581203036.039878 -2 -1.35 0.0 0.0
1581203036.0966682 28 18.900000000000002 3.0863164091243562 0.0
1581203036.1535506 26 17.55 0.30896291619312205 0.0
1581203036.2107892 37 24.975 1.519077795484178 0.0
1581203036.2675261 25 16.875 -0.6173022160548337 0.0
1581203036.3243005 -15 -10.125 -1.54131115870816 0.0
1581203036.3810437 40 27.0 6.463869834147569 0.0
1581203036.4377496 44 29.700000000000003 -3.395661949321838 0.0
1581203036.4945343 13 8.775 -4.3030211465181525 0.0
1581203036.5512393 15 10.125 2.777859972246752 0.0
1581203036.607988 67 45.225 3.7017896948810627 0.0
1581203036.6647375 59 39.825 -3.702256483544198 0.0
1581203036.7215118 -11 -7.425000000000001 6.7867570554983505 0.0
1581203036.778234 38 25.650000000000002 6.171465085971329 0.0
1581203036.8349922 118 79.65 0.0 0.0
1581203036.891731 12 8.100000000000001 -4.310150284168362 0.0
1581203036.948522 3 2.0250000000000004 2.7775095862764885 0.0
1581203037.0052679 138 93.15 11.106536031776056 0.0
1581203037.0619674 112 75.60000000000001 -9.872891448267167 0.0
1581203037.1187313 -11 -7.425000000000001 -7.3914642722275845 0.0
1581203037.175507 27 18.225 3.3944484991171278 0.0
1581203037.2322428 179 120.825 8.64750367113374 0.0
1581203037.288975 48 32.400000000000006 -19.130335414170716 0.0
1581203037.3458622 -67 -45.225 -2.467444995377763 0.0
1581203037.4026184 7 4.7250000000000005 8.312432690896125 0.0
1581203037.4593422 88 59.400000000000006 1.2341633073414742 0.0
1581203037.5160956 -1 -0.675 -4.93571959317475 0.0
1581203037.5727997 -66 -44.550000000000004 0.0 0.0
1581203037.629621 26 17.55 4.003541830997735 0.0
1581203037.686592 28 18.900000000000002 -1.2340076914994222 0.0
1581203037.7455487 -14 -9.450000000000001 -2.163878961443703 0.0
1581203037.8022757 -1 -0.675 0.9258754572593869 0.0
1581203037.8590705 -5 -3.375 0.30865110802741685 0.0
1581203037.9158678 -14 -9.450000000000001 -2.1553011451822646 0.0
1581203037.972582 -16 -10.8 0.0 0.0
1581203038.0293596 -30 -20.25 -1.2341114310333958 0.0
1581203038.0860677 -26 -17.55 -0.6171335365212822 0.0
