 -1  -1  -1  -1  -1  -1  -1  -1  -1  -1  -1  -1  -1  -1  -1  -1  -1  -1  -1  -1  -1  -1  -1  -1  -1  -1  -1  -1  -1  -1  -1  -1  -1  -1  -1  -1
 -1  -1  -1  -1  -1  -1  -1  -1  -1  -1  -1  -1  -1  -1  -1  -1  -1  -1  -1  -1  -1  -1  -1  -1  -1  -1  -1  -1  -1  -1  -1  -1  -1  -1  -1  -1
 -1  -1  17  16  15  14  13  12  11  10   9   8   7   6   7   8   9  10  11  12  13  14  15  16  17  18  19  20  21  22  23  24  25  26  -1  -1
 -1  -1  16  15  14  13  12  11  10   9   8   7   6   5   6   7   8   9  10  11  12  13  14  15  16  17  18  19  20  21  22  23  24  25  -1  -1
 -1  -1  15  14  13  12  11  10   9   8   7   6   5   4   5   6   7   8   9  10  11  12  13  14  15  16  17  18  19  20  21  22  23  24  -1  -1
 -1  -1  14  13  12  11  10   9   8   7   6   5   4   3   4   5   6   7   8   9  10  11  12  13  14  15  16  17  18  19  20  21  22  23  -1  -1
 -1  -1  13  12  11  10   9   8   7   6   5   4   3   2   3   4   5   6   7   8   9  10  11  12  13  14  15  16  17  18  19  20  21  22  -1  -1
 -1  -1  12  11  10   9   8   7   6   5   4   3   2 p16 p15 p14 p13 p12   6   7   8   9  10  11  12  13  14  15  16  17  18  19  20  21  -1  -1
 -1  -1  13  12  11  10   9   8   7   6   5   4   3  -1   3   4   5 p11   7   8   9  10  11  12  13  14  15  16  17  18  19  20  21  22  -1  -1
 -1  -1  14  13  12  11  10   9   8   7   6   5  -1  -1  -1   5   6 p10   8   9  10  11  12  13  14  15  16  17  18  19  20  21  22  23  -1  -1
 -1  -1  15  14  -1  12  11  10   9   8   7  -1  -1  -1  -1  -1   7  p9   9  10  11  12  13  14  15  16  17  18  19  20  21  22  23  24  -1  -1
 -1  -1  16  -1  -1  -1  12  11  10   9  -1  -1  -1  -1  -1  -1  -1  p8  10  11  12  13  -1  15  16  17  18  19  20  21  22  23  24  25  -1  -1
 -1  -1  17  -1  -1  -1  -1  12  11  10  11  -1  -1  -1  -1  -1  p6  p7  11  12  -1  -1  -1  -1  -1  18  19  20  21  22  23  24  25  26  -1  -1
 -1  -1  18  -1  -1  -1  -1  -1  12  11  12  13  -1  -1  -1  p4  p5  11  12  13  -1  -1  -1  -1  -1  19  20  21  22  23  24  25  26  27  -1  -1
 -1  -1  19  -1  -1  -1  -1  -1  -1  12  13  14  15  -1  p2  p3  13  12  13  -1  -1  -1  -1  -1  -1  -1  21  22  23  24  25  26  27  28  -1  -1
 -1  -1  20  -1  -1  -1  -1  -1  -1  -1  -1  15  16  p0  p1  15  14  13  14  -1  -1  -1  -1  -1  -1  23  22  23  24  25  26  27  28  29  -1  -1
 -1  -1  21  -1  -1  -1  -1  -1  -1  -1  -1  16  17  18  17  16  15  14  -1  -1  -1  -1  -1  -1  25  24  23  24  25  26  27  28  29  30  -1  -1
 -1  -1  22  23  -1  -1  -1  -1  -1  -1  -1  17  18  19  18  17  -1  -1  -1  -1  -1  -1  -1  -1  26  25  24  25  26  27  28  29  30  31  -1  -1
 -1  -1  23  24  25  26  -1  -1  -1  -1  -1  18  19  20  19  -1  -1  -1  -1  -1  -1  -1  -1  28  27  26  25  -1  -1  -1  -1  -1  31  32  -1  -1
 -1  -1  24  25  26  27  28  -1  -1  -1  -1  19  20  21  20  21  -1  -1  -1  -1  -1  -1  -1  29  28  27  -1  -1  -1  -1  -1  -1  -1  33  -1  -1
 -1  -1  25  26  27  28  27  -1  -1  -1  -1  20  21  22  21  22  23  -1  -1  -1  -1  32  31  30  29  28  -1  -1  -1  -1  -1  -1  -1  34  -1  -1
 -1  -1  26  27  28  27  26  25  24  23  22  21  22  23  22  23  24  -1  -1  -1  32  33  32  31  30  29  -1  -1  -1  -1  -1  -1  -1  35  -1  -1
 -1  -1  27  28  29  28  27  26  25  24  23  22  23  24  23  24  25  26  -1  30  31  32  33  32  31  30  -1  -1  -1  -1  -1  -1  -1  36  -1  -1
 -1  -1  28  29  30  29  28  27  26  25  24  23  24  25  24  25  26  27  28  29  30  31  32  33  32  31  32  -1  -1  -1  -1  -1  38  37  -1  -1
 -1  -1  29  30  31  30  29  28  27  26  25  24  25  26  25  26  27  28  29  30  31  32  33  34  33  32  33  34  35  36  37  38  39  38  -1  -1
 -1  -1  -1  -1  -1  -1  -1  -1  -1  -1  -1  -1  -1  -1  -1  -1  -1  -1  -1  -1  -1  -1  -1  -1  -1  -1  -1  -1  -1  -1  -1  -1  -1  -1  -1  -1
 -1  -1  -1  -1  -1  -1  -1  -1  -1  -1  -1  -1  -1  -1  -1  -1  -1  -1  -1  -1  -1  -1  -1  -1  -1  -1  -1  -1  -1  -1  -1  -1  -1  -1  -1  -1
